100
2
0 1
0 2
3
2 2
0 0
4 4
1
1 1
5
0 5
0 1
1 1
4 7
5 6
1
0 1
8
1550 1723
278 1244
203 592
1157 1457
1587 1735
25 163
939 1101
944 1038
6
0 8
0 4
1 5
7 9
3 5
6 8
10
3 9
16 17
5 9
9 9
9 15
1 11
1 10
2 6
0 5
11 13
7
7 12
5 7
5 13
5 8
0 1
2 2
8 11
3
0 2
2 2
3 4
2
2 2
0 0
6
6 8
0 9
4 5
2 9
0 2
8 10
7
5 44
75 323
350 675
1082 1464
36 311
576 1281
106 537
7
7 13
9 11
0 1
1 5
2 7
4 6
10 11
3
0 2
2 3
0 2
9
0 1
0 3
0 6
0 17
0 2
0 5
0 3
0 8
0 8
4
0 2
2 4
0 2
4 4
7
0 4
4 11
2 4
4 9
0 3
0 4
11 12
1
0 2
9
6 12
2 15
6 15
4 15
2 15
6 6
6 6
2 10
0 0
6
0 1
7 11
3 4
5 8
2 6
9 10
8
0 13
0 0
6 6
3 8
9 10
5 9
3 15
10 13
8
1 5
2 14
11 13
0 7
8 9
3 4
6 12
10 15
9
1 6
7 16
9 11
13 16
1 10
1 15
1 8
1 10
0 14
6
10 11
0 9
1 8
3 5
4 6
2 7
6
20 854
68 337
658 1703
173 1912
14 1777
1568 1794
9
12 12
1 4
2 8
3 7
3 13
15 16
5 11
10 17
0 1
9
4 12
0 5
10 10
0 15
1 7
4 15
13 15
2 8
6 9
9
0 2
5 14
1 9
3 3
3 8
9 10
14 14
3 17
9 9
2
2 2
0 1
9
2 4
1 13
9 14
0 8
6 12
15 17
7 11
3 5
10 16
2
1 2
0 1
4
660 1643
711 911
82 448
216 865
8
5 8
5 14
0 0
8 9
8 9
11 14
3 5
2 2
10
2 4
1 15
10 14
6 9
11 14
0 1
11 17
7 8
12 19
3 17
10
14 17
2 15
14 18
4 6
12 17
2 11
0 13
3 9
0 8
4 7
2
1 3
0 2
9
8 15
12 16
10 17
2 5
9 14
0 4
1 7
3 6
11 13
9
2 7
3 6
0 8
9 10
16 17
12 15
1 5
13 14
4 11
4
162 717
255 1866
942 1983
1194 1346
9
11 15
9 14
0 10
15 16
0 8
2 6
0 2
6 13
2 4
5
3 8
1 3
2 2
8 9
0 2
4
0 1
4 6
1 6
3 4
6
5 7
0 4
5 8
1 10
3 8
0 1
9
15 15
1 10
3 15
0 2
0 5
4 13
4 7
11 15
4 11
2
0 3
0 3
7
1201 1635
242 278
223 508
545 907
218 801
341 1841
594 727
8
978 1081
426 687
475 1139
1298 1706
1415 1686
1118 1775
607 1014
136 478
4
5 7
0 5
0 0
0 6
10
2001 2001
2001 2001
2001 2001
2001 2001
2001 2001
2001 2001
2001 2001
2001 2001
2001 2001
2001 2001
8
9 10
4 8
14 14
1 5
3 7
0 7
4 12
3 10
3
4 4
0 2
0 4
7
3 11
9 13
8 12
2 5
0 6
7 10
1 4
3
2 5
2 4
0 1
8
0 12
0 0
0 10
6 10
6 14
8 8
10 14
0 5
8
3 5
9 13
6 11
11 11
14 15
0 7
4 8
1 2
6
4 5
1 5
3 9
4 8
1 2
9 9
9
7 8
2 13
2 17
1 10
8 16
0 1
5 14
2 3
9 10
3
0 1
3 3
3 5
8
0 1
0 3
0 8
0 5
0 15
0 5
0 6
0 6
3
4 5
2 3
0 1
3
2 2
0 5
0 0
9
9 14
5 17
0 3
0 3
7 9
8 15
8 15
5 13
0 13
9
0 9
12 14
13 17
1 7
8 11
15 16
2 10
4 5
3 6
1
0 2
7
0 13
0 7
0 4
0 7
0 2
0 1
0 2
9
4 15
1 4
4 7
0 12
15 16
9 12
0 12
3 11
7 7
1
0 1
6
0 2
4 5
0 6
2 6
7 10
6 10
6
0 11
0 4
0 3
0 6
0 5
0 1
4
3 4
6 6
0 1
3 4
6
7 8
10 11
4 5
6 9
1 2
0 3
9
0 8
0 4
6 12
15 15
3 11
1 15
4 16
6 6
9 12
4
6 7
2 3
0 5
1 4
9
0 0
0 0
0 0
0 0
0 0
0 0
0 0
0 0
0 0
7
2 8
5 7
0 2
0 2
7 11
11 13
3 9
3
0 2
0 5
0 1
7
0 2
9 10
2 7
11 12
0 6
2 2
7 11
2
0 1
3 3
10
2 6
11 18
13 16
7 10
15 19
0 1
8 9
5 14
12 17
3 4
1
0 1
6
2 9
2 2
0 3
5 9
0 2
10 10
7
1 13
0 3
6 9
3 8
4 6
0 6
8 13
5
2 7
2 7
2 5
0 2
0 7
4
5 6
2 6
1 2
0 4
9
0 8
0 7
0 3
0 6
0 3
0 17
0 9
0 4
0 1
9
3 4
1 4
7 14
1 7
4 14
7 12
12 14
0 4
12 14
4
0 3
0 1
0 3
0 7
5
0 5
3 8
8 8
0 6
0 4
10
12 19
2 12
0 4
3 15
6 12
0 4
7 16
11 16
7 15
6 6
6
0 1
8 11
3 5
4 6
2 7
9 10
3
0 5
0 1
0 3
4
0 7
0 4
3 5
1 4
1
0 2
9
1 17
11 15
13 14
4 16
2 6
0 8
5 12
9 10
3 7
7
6 12
4 9
6 11
3 3
5 11
0 10
1 4
5
0 5
4 6
6 7
0 0
2 4
5
6 10
6 6
2 3
0 1
3 3
10
0 5
12 18
11 14
0 0
1 5
4 10
9 14
5 5
17 18
4 16
10
263 796
348 568
651 1917
551 972
657 1229
891 1706
39 124
768 1986
0 2
244 690
