100
2
0 1
0 2
3
2 2
0 0
4 4
1
1 1
5
0 5
0 1
1 1
4 7
5 6
3
0 5
0 3
0 3
1
0 0
7
0 3
2 11
7 10
6 9
4 5
8 12
1 13
8
0 4
10 13
2 3
5 5
12 14
7 9
11 15
0 8
2
0 1
1 4
10
0 2
9 10
1 6
11 11
15 15
3 5
18 18
13 17
4 14
0 2
1
0 2
10
13 16
6 7
0 3
18 19
1 17
4 5
12 15
9 10
2 8
11 14
9
10 12
1 4
7 10
3 8
15 16
15 15
0 6
1 4
6 11
3
2 3
4 5
0 0
7
0 2
0 6
0 7
0 13
0 6
0 1
0 2
10
16 16
0 8
2 15
2 11
0 12
9 14
3 11
3 10
18 19
4 6
4
113 146
288 810
124 1306
19 267
7
382 1643
97 209
611 926
729 757
235 1954
196 247
668 983
7
4 8
3 6
0 9
9 13
11 11
1 5
2 3
5
0 3
5 6
1 7
2 4
8 9
3
0 5
0 1
0 3
3
2 5
0 3
2 4
6
1 3
1 8
4 7
4 11
1 3
9 10
6
2 3
0 5
7 8
1 4
3 7
10 11
1
0 1
3
0 4
0 2
3 3
10
2 6
8 10
0 0
16 17
12 16
9 13
17 18
4 9
0 1
6 13
3
0 1
2 4
3 4
9
13 14
2 13
1 11
0 10
7 17
3 11
4 5
5 5
5 11
6
7 9
0 7
3 8
5 8
1 5
1 4
10
2001 2001
2001 2001
2001 2001
2001 2001
2001 2001
2001 2001
2001 2001
2001 2001
2001 2001
2001 2001
3
2 3
0 5
1 5
8
5 7
2 8
12 15
8 12
7 8
8 12
1 3
0 2
8
0 0
0 0
0 0
0 0
0 0
0 0
0 0
0 0
5
5 5
0 7
0 2
4 7
3 7
6
0 4
0 4
0 11
0 5
0 1
0 3
2
829 1871
138 617
5
0 4
0 5
0 1
0 9
0 3
7
791 948
1057 1196
279 452
39 1122
941 1864
1496 1499
1530 1725
1
0 2
3
1579 1667
6 10
372 746
6
11 11
4 9
0 2
6 6
2 7
1 2
8
6 12
5 6
14 15
1 2
7 10
1 11
9 14
0 1
7
0 5
0 6
0 13
0 7
0 1
0 4
0 4
7
3 4
4 8
2 12
2 9
6 12
6 11
0 8
5
1 3
7 9
5 6
0 2
5 5
5
7 9
1 4
0 5
1 3
6 9
3
1 4
3 4
0 0
6
0 11
0 4
0 1
0 5
0 3
0 4
2
2 2
0 3
8
536 1699
407 1054
963 1291
392 1190
97 891
383 1259
30 751
353 1763
8
1149 1771
396 419
427 1176
183 333
305 1396
748 1634
180 326
1584 1865
4
1332 1567
326 1875
700 1854
724 1101
6
0 9
2 11
3 3
0 9
7 7
0 3
5
0 5
0 5
0 1
0 9
0 2
10
13 14
0 4
7 7
2 14
2 3
15 16
10 19
3 7
1 10
10 18
10
0 4
0 3
0 2
0 6
0 2
0 4
0 1
0 6
0 19
0 5
10
11 12
2 17
7 16
3 4
5 9
18 19
6 8
10 15
0 13
1 14
10
0 3
0 3
0 2
0 5
0 1
0 8
0 6
0 5
0 9
0 19
2
0 0
3 3
10
8 15
12 19
5 17
1 13
14 16
0 2
7 9
3 6
4 11
10 18
4
0 4
0 0
4 4
2 5
2
0 3
0 1
3
0 4
2 4
2 2
1
0 1
1
211 834
8
0 8
0 6
0 8
0 7
0 8
0 1
0 15
0 5
2
79 246
128 352
7
7 10
1 1
0 1
0 7
3 7
0 10
7 10
6
6 8
1 1
0 7
2 7
10 11
1 3
10
0 2
9 12
9 15
13 18
0 2
2 8
9 15
4 14
2 4
14 15
7
12 13
3 10
0 3
3 7
2 3
9 12
0 1
3
4 5
0 2
1 3
8
1 9
8 11
1 12
0 9
1 7
5 9
4 5
12 13
2
1 3
0 1
2
0 1
3 3
6
4 6
0 2
7 11
4 7
7 7
1 3
9
0 3
15 17
5 7
11 13
8 10
4 6
9 12
14 16
1 2
10
0 0
11 15
4 7
5 11
13 14
10 11
4 9
0 9
2 16
16 18
3
2 4
0 1
2 4
5
2 4
6 8
6 6
2 4
0 1
2
1 2
0 2
2
0 1
2 3
4
0 7
0 1
0 2
0 4
5
0 3
3 7
0 6
3 6
5 5
5
0 0
5 7
3 3
3 4
7 7
6
18 57
626 1985
989 1371
223 821
156 778
1588 1677
2
0 2
2 3
7
0 12
4 6
7 10
0 6
5 7
0 13
4 11
8
6 12
2 8
0 13
5 9
0 4
3 8
12 14
6 8
6
6 7
2 5
2 7
7 11
0 4
1 4
8
6 10
12 13
0 11
2 5
2 2
6 6
14 14
2 6
7
6 11
5 10
3 12
3 12
0 5
1 6
2 4
4
4 4
0 1
2 4
3 5
9
12 12
14 16
4 10
2 6
3 10
0 9
13 14
0 0
3 9
7
1 4
0 5
0 1
10 11
5 8
9 12
6 12
7
8 11
0 4
7 7
0 0
4 7
11 11
3 4
2
0 1
1 2
3
0 1
1 4
3 3
3
0 3
2 3
2 4
