100
7 302
240 787
60 251
327 516
1 10
7 484
274 279
712 995
372 992
384 485
121 121
476 776
121 584
610 884
886 890
4 5
65 302
340 390
21 194
4 121
1 221
1 1000
1 122
374 989
8 221
4 6
1 742
653 687
76 901
1 6
7 742
57 332
1 584
3 121
21 122
8 122
1 302
10 120
1 1
1 121
21 742
9 122
3 6
1 485
8 742
8 302
100 1000
122 1000
193 800
122 483
67 250
1 104
1 5
167 605
4 104
3 5
369 965
9 121
1 109
303 742
8 121
483 484
49 873
300 675
65 439
1 65
405 894
1 2
120 121
21 302
7 122
4 9
65 122
259 534
119 447
1 101
4 484
654 946
915 941
193 329
121 909
362 934
120 484
3 10
1 4
462 610
65 484
499 799
81 651
676 962
9 221
21 584
44 681
121 484
120 302
511 819
21 484
7 10
4 65
121 302
